1903840157
2080785367
2170959247
1547376131
1802596297
1497258091
1763422641
2617653997
1852106837
1665184267
2184549750
1805570632
1646273590
1961678372
1868948375
2410931394
2684281071
1803574913
2167582977
1072242261
1893563474
1657866965
1498441097
1287531191
1682895091
1967799232
1665642732
1686487071
1312946053
2465321735
1912150611
2382569694
1687040745
2334610744
1748335034
1519066550
2250305592
1146026372
1697704605
1722563557
1257321833
1784786313
1548952664
1644120882
1400949720
2107625650
2413621071
1596639183
1282339591
1780808275
1244499754
1573389980
1708674521
2184011207
1670231231
2158844595
1658844117
1731483741
1877516057
1417393520
2660271317
2160377344
1738239937
2683912785
2010919247
2283683110
1400664161
1528364785
1648668235
1830307845
1766848774
1554573425
1692209443
1495496150
1835111297
1772378675
1765919851
1921036875
1663909287
2810595635
1843810964
2247236722
1926359911
1402778273
1558071134
3576875034
1317371843
2881221794
1665286252
1195687665
1887684361
1678207644
1420413365
1188437830
1657204253
1645269930
1730528973
1158556797
1569771622
1677456881
1216692803
1646479803
2168372341
2141666723
1788488227
1650871654
1455165797
1695857673
1301143017
2454625122
1686511274
1646591880
2166204032
1874274865
2641410845
1277881243
2649542895
1220938403
2389916301
2132734472
3510908515
1896255825
1652026015
2188537415
10318
2214870840
2611704935
2826622494
1468942852
1733153134
2177363445
1651193380
1667502923
1279379213
1820107677
